   0.0000000000000000     
   1.9688849810509425E-003
   3.9377069795100625E-003
   5.9065089815209162E-003
   7.8753563987659456E-003
   9.8442128990535050E-003
   1.1813103612088035E-002
   1.3781904224927364E-002
   1.5750748538105801E-002
   1.7719553489619247E-002
   1.9688405888110733E-002
   2.1657202680474226E-002
   2.3626097418380520E-002
   2.5594901735204567E-002
   2.7563751160209798E-002
   2.9532588470602535E-002
   3.1501444471417089E-002
   3.3470238791446789E-002
   3.5439074611699192E-002
   3.7407895185835177E-002
   3.9376794564331685E-002
   4.1345593995416798E-002
   4.3314470666688483E-002
   4.5283280953383832E-002
   4.7252096166188425E-002
   4.9220974753602001E-002
   5.1189774378658542E-002
   5.3158588251041125E-002
   5.5127462111009648E-002
   5.7096304295435434E-002
   5.9065161752842849E-002
   6.1033959965309782E-002
   6.3002791260413527E-002
   6.4971598007790218E-002
   6.6940499964803321E-002
   6.8909311944616122E-002
   7.0878138245953362E-002
   7.2847003152798878E-002
   7.4815850471499121E-002
   7.6784656826689238E-002
   7.8753466623116719E-002
   8.0722318962407558E-002
   8.2691128704405176E-002
   8.4659988968952493E-002
   8.6628819423039641E-002
   8.8597695246611624E-002
   9.0566519143794419E-002
   9.2535365791951138E-002
   9.4504191448816721E-002
   9.6473017168229078E-002
   9.8441910088134826E-002
   9.8441910088134826E-002
