3.740789e-02 1.026723e-02
4.922098e-02 1.288436e-02
6.103396e-02 1.517522e-02
5.906516e-02 1.485090e-02
4.725210e-02 1.237380e-02
3.543908e-02 9.768608e-03
6.300279e-02 1.569305e-02
5.118977e-02 1.324987e-02
5.315859e-02 1.362640e-02
6.497160e-02 1.618179e-02
7.284700e-02 1.810532e-02
4.528328e-02 1.185775e-02
4.331447e-02 1.147785e-02
7.087814e-02 1.757846e-02
3.937679e-02 1.064766e-02
6.694050e-02 1.665278e-02
1.575075e-02 5.110738e-03
1.771955e-02 5.564590e-03
6.890931e-02 1.715130e-02
4.134559e-02 1.104629e-02
9.056652e-02 2.217731e-02
9.253537e-02 2.254743e-02
8.859770e-02 2.180559e-02
8.662882e-02 2.136127e-02
9.844191e-02 2.382797e-02
7.875347e-02 1.953689e-02
8.072232e-02 2.013103e-02
8.465999e-02 2.097877e-02
8.269113e-02 2.054113e-02
9.647302e-02 2.345709e-02
9.450419e-02 2.299475e-02
7.481585e-02 1.867793e-02
7.875356e-03 3.258216e-03
1.968841e-02 6.035693e-03
2.165720e-02 6.497853e-03
9.844213e-03 3.832211e-03
7.678466e-02 1.912817e-02
2.559490e-02 7.353551e-03
1.378190e-02 4.655644e-03
1.181310e-02 4.229200e-03
2.362610e-02 6.892816e-03
3.150144e-02 8.896077e-03
3.937707e-03 2.355957e-03
5.906509e-03 2.854962e-03
3.347024e-02 9.315081e-03
1.968885e-03 1.976342e-03
2.953259e-02 8.363838e-03
5.709630e-02 1.444103e-02
5.512746e-02 1.394443e-02
2.756375e-02 7.878776e-03
0.000000e+00 1.635000e-03
