     -3.000000      2.180867      2.179784      4.360651
     -2.969849      1.156311      1.154408      2.310719
     -2.939698      0.944949      0.944519      1.889468
     -2.909548      1.451267      1.452389      2.903657
     -2.879397      1.757237      1.758685      3.515922
     -2.849246      1.476521      1.476114      2.952635
     -2.819095      0.780152      0.778421      1.558573
     -2.788945      0.225025      0.224038      0.449063
     -2.758794      0.032772      0.032557      0.065329
     -2.728643      0.003393      0.003383      0.006777
     -2.698492      0.017871      0.018003      0.035874
     -2.668342      0.144295      0.145055      0.289350
     -2.638191      0.565560      0.567282      1.132842
     -2.608040      1.071324      1.072215      2.143539
     -2.577889      0.984127      0.982777      1.966904
     -2.547739      0.479857      0.478296      0.958153
     -2.517588      0.370394      0.369822      0.740216
     -2.487437      0.820311      0.820158      1.640469
     -2.457286      1.205097      1.204820      2.409917
     -2.427136      1.245756      1.244467      2.490223
     -2.396985      1.729464      1.726890      3.456354
     -2.366834      2.267876      2.266957      4.534833
     -2.336683      1.680396      1.682838      3.363234
     -2.306533      0.815073      0.818339      1.633412
     -2.276382      0.834383      0.837002      1.671385
     -2.246231      1.266541      1.267086      2.533626
     -2.216080      1.261172      1.259548      2.520720
     -2.185930      0.884241      0.882832      1.767072
     -2.155779      0.442702      0.442190      0.884892
     -2.125628      0.132112      0.131985      0.264098
     -2.095477      0.020483      0.020461      0.040943
     -2.065327      0.001618      0.001615      0.003233
     -2.035176      0.001670      0.001658      0.003328
     -2.005025      0.024600      0.024464      0.049064
     -1.974874      0.182635      0.181918      0.364553
     -1.944724      0.672115      0.670464      1.342580
     -1.914573      1.313737      1.311937      2.625675
     -1.884422      1.654546      1.653606      3.308152
     -1.854271      1.768364      1.770338      3.538702
     -1.824121      1.758307      1.762927      3.521233
     -1.793970      1.464936      1.466716      2.931652
     -1.763819      0.816992      0.815453      1.632445
     -1.733668      0.250465      0.249218      0.499684
     -1.703518      0.038622      0.038320      0.076942
     -1.673367      0.002911      0.002880      0.005791
     -1.643216      0.000106      0.000105      0.000211
     -1.613065      0.000002      0.000002      0.000004
     -1.582915      0.000000      0.000000      0.000000
     -1.552764      0.000000      0.000000      0.000000
     -1.522613      0.000000      0.000000      0.000000
     -1.492462      0.000000      0.000000      0.000000
     -1.462312      0.000000      0.000000      0.000001
     -1.432161      0.000033      0.000033      0.000066
     -1.402010      0.001119      0.001134      0.002253
     -1.371859      0.018549      0.018740      0.037289
     -1.341709      0.148593      0.149669      0.298262
     -1.311558      0.575237      0.577632      1.152869
     -1.281407      1.076097      1.077279      2.153376
     -1.251256      0.972778      0.970873      1.943651
     -1.221106      0.424946      0.422819      0.847765
     -1.190955      0.089704      0.088982      0.178686
     -1.160804      0.009151      0.009049      0.018200
     -1.130653      0.000451      0.000445      0.000896
     -1.100503      0.000011      0.000011      0.000021
     -1.070352      0.000000      0.000000      0.000000
     -1.040201      0.000000      0.000000      0.000000
     -1.010050      0.000000      0.000000      0.000000
     -0.979899      0.000000      0.000000      0.000000
     -0.949749      0.000000      0.000000      0.000000
     -0.919598      0.000000      0.000000      0.000000
     -0.889447      0.000002      0.000002      0.000004
     -0.859296      0.000103      0.000105      0.000209
     -0.829146      0.002842      0.002887      0.005730
     -0.798995      0.037759      0.038207      0.075966
     -0.768844      0.242384      0.244316      0.486701
     -0.738693      0.751879      0.754949      1.506828
     -0.708543      1.127065      1.127300      2.254365
     -0.678392      0.816408      0.813428      1.629836
     -0.648241      0.285774      0.283633      0.569407
     -0.618090      0.048340      0.047793      0.096132
     -0.587940      0.004008      0.003950      0.007958
     -0.557789      0.001685      0.001725      0.003410
     -0.527638      0.020065      0.020485      0.040550
     -0.497487      0.129237      0.131078      0.260316
     -0.467337      0.427874      0.431428      0.859301
     -0.437186      0.836464      0.840031      1.676495
     -0.407035      1.204719      1.207157      2.411875
     -0.376884      1.333396      1.332279      2.665675
     -0.346734      1.148554      1.146145      2.294699
     -0.316583      1.158523      1.158646      2.317169
     -0.286432      1.150404      1.148439      2.298843
     -0.256281      0.662972      0.658973      1.321945
     -0.226131      0.189721      0.187672      0.377392
     -0.195980      0.026330      0.025919      0.052249
     -0.165829      0.001767      0.001731      0.003497
     -0.135678      0.000057      0.000056      0.000113
     -0.105528      0.000001      0.000001      0.000002
     -0.075377      0.000000      0.000000      0.000000
     -0.045226      0.000000      0.000000      0.000000
     -0.015075      0.000000      0.000000      0.000000
      0.015075      0.000000      0.000000      0.000000
      0.045226      0.000000      0.000000      0.000000
      0.075377      0.000000      0.000000      0.000000
      0.105528      0.000000      0.000000      0.000000
      0.135678      0.000013      0.000014      0.000027
      0.165829      0.000580      0.000608      0.001188
      0.195980      0.012339      0.012805      0.025144
      0.226131      0.128841      0.132366      0.261207
      0.256281      0.670491      0.682102      1.352593
      0.286432      1.788452      1.802683      3.591135
      0.316583      2.546416      2.545908      5.092323
      0.346734      2.011389      1.997595      4.008984
      0.376884      0.889902      0.878836      1.768738
      0.407035      0.214490      0.210680      0.425170
      0.437186      0.026987      0.026357      0.053343
      0.467337      0.001712      0.001662      0.003374
      0.497487      0.000054      0.000052      0.000105
      0.527638      0.000001      0.000001      0.000002
      0.557789      0.000000      0.000000      0.000000
      0.587940      0.000000      0.000000      0.000000
      0.618090      0.000000      0.000000      0.000000
      0.648241      0.000000      0.000000      0.000001
      0.678392      0.000029      0.000029      0.000058
      0.708543      0.001007      0.001025      0.002032
      0.738693      0.017104      0.017330      0.034434
      0.768844      0.140348      0.141658      0.282005
      0.798995      0.556519      0.559536      1.116055
      0.829146      1.066382      1.068005      2.134387
      0.859296      0.987422      0.985091      1.972512
      0.889447      0.441825      0.439073      0.880898
      0.919598      0.095533      0.094570      0.190104
      0.949749      0.009982      0.009843      0.019825
      0.979899      0.000504      0.000495      0.000999
      1.010050      0.000012      0.000012      0.000024
      1.040201      0.000000      0.000000      0.000000
      1.070352      0.000000      0.000000      0.000000
      1.100503      0.000000      0.000000      0.000000
      1.130653      0.000000      0.000000      0.000000
      1.160804      0.000000      0.000000      0.000000
      1.190955      0.000000      0.000000      0.000000
      1.221106      0.000000      0.000000      0.000000
      1.251256      0.000000      0.000000      0.000000
      1.281407      0.000002      0.000002      0.000003
      1.311558      0.000090      0.000091      0.000181
      1.341709      0.002541      0.002572      0.005113
      1.371859      0.034695      0.035012      0.069706
      1.402010      0.228928      0.230342      0.459270
      1.432161      0.729951      0.732301      1.462253
      1.462312      1.124725      1.125031      2.249756
      1.492462      0.837445      0.835211      1.672656
      1.522613      0.301317      0.299630      0.600947
      1.552764      0.052390      0.051944      0.104334
      1.582915      0.004402      0.004351      0.008753
      1.613065      0.000179      0.000176      0.000355
      1.643216      0.000004      0.000003      0.000007
      1.673367      0.000002      0.000002      0.000003
      1.703518      0.000095      0.000094      0.000189
      1.733668      0.002667      0.002624      0.005290
      1.763819      0.036006      0.035564      0.071569
      1.793970      0.235483      0.233525      0.469008
      1.824121      0.754303      0.750969      1.505272
      1.854271      1.253541      1.252329      2.505871
      1.884422      1.359965      1.360995      2.720960
      1.914573      1.406475      1.407912      2.814386
      1.944724      1.403795      1.407476      2.811270
      1.974874      1.387707      1.391506      2.779214
      2.005025      1.373805      1.373617      2.747422
      2.035176      1.111045      1.108587      2.219633
      2.065327      0.761405      0.760386      1.521791
      2.095477      0.389602      0.389924      0.779526
      2.125628      0.114240      0.114546      0.228786
      2.155779      0.016930      0.017002      0.033932
      2.185930      0.001228      0.001235      0.002463
      2.216080      0.000188      0.000186      0.000374
      2.246231      0.003463      0.003413      0.006876
      2.276382      0.042230      0.041856      0.084085
      2.306533      0.275242      0.274200      0.549442
      2.336683      1.007825      1.007420      2.015245
      2.366834      2.127242      2.128814      4.256056
      2.396985      2.540790      2.541786      5.082576
      2.427136      1.654785      1.654335      3.309120
      2.457286      0.670760      0.670134      1.340894
      2.487437      0.629141      0.628203      1.257344
      2.517588      1.237619      1.236948      2.474567
      2.547739      1.552223      1.553055      3.105279
      2.577889      1.329670      1.331837      2.661508
      2.608040      1.235213      1.237390      2.472603
      2.638191      1.223870      1.223854      2.447725
      2.668342      0.781700      0.780050      1.561750
      2.698492      0.371204      0.370755      0.741959
      2.728643      0.571317      0.572783      1.144101
      2.758794      1.171473      1.173151      2.344624
      2.788945      1.598440      1.599273      3.197713
      2.819095      1.845277      1.845683      3.690960
      2.849246      1.714666      1.713223      3.427889
      2.879397      0.960861      0.958410      1.919271
      2.909548      0.283791      0.282530      0.566321
      2.939698      0.042689      0.042417      0.085106
      2.969849      0.003236      0.003209      0.006446
      3.000000      0.000142      0.000141      0.000283
